11155
11255
11355
11455
11555
11556
11557
11558
11559
12255
12355
12455
12555
12556
12557
12558
12559
13355
13455
13555
13556
13557
13558
13559
14455
14555
14556
14557
14558
14559
15555
15556
15557
15558
15559
15566
15567
15568
15569
15577
15578
15579
15588
15589
15599
22255
22355
22455
22555
22556
22557
22558
22559
23355
23455
23555
23556
23557
23558
23559
24455
24555
24556
24557
24558
24559
25555
25556
25557
25558
25559
25566
25567
25568
25569
25577
25578
25579
25588
25589
25599
33355
33455
33555
33556
33557
33558
33559
34455
34555
34556
34557
34558
34559
35555
35556
35557
35558
35559
35566
35567
35568
35569
35577
35578
35579
35588
35589
35599
44455
44555
44556
44557
44558
44559
45555
45556
45557
45558
45559
45566
45567
45568
45569
45577
45578
45579
45588
45589
45599
55555
55556
55557
55558
55559
55566
55567
55568
55569
55577
55578
55579
55588
55589
55599
55666
55667
55668
55669
55677
55678
55679
55688
55689
55699
55777
55778
55779
55788
55789
55799
55888
55889
55899
55999